500, 8.936, 0.0080344
1000, 8.838, 0.0079901
500, 8.740, 0.0079679
1000, 8.765, 0.0079235
1500, 8.887, 0.0078791
2000, 8.911, 0.0081010
2500, 8.716, 0.0081232
3000, 8.667, 0.0079235
3500, 8.911, 0.0079235
4000, 8.789, 0.0078791
4500, 8.862, 0.0081010
5000, 8.813, 0.0080566
5500, 8.862, 0.0082120
6000, 8.936, 0.0080566
6500, 8.862, 0.0080123
7000, 8.813, 0.0079679
7500, 8.789, 0.0078569
8000, 8.618, 0.0079679
8500, 8.643, 0.0081232
9000, 8.789, 0.0081232
9500, 8.813, 0.0080344
10000, 8.716, 0.0079013
10500, 8.740, 0.0079235
11000, 8.740, 0.0079235
11500, 8.765, 0.0079679
12000, 8.887, 0.0080123
12500, 8.691, 0.0079457
13000, 8.472, 0.0079457
13500, 8.936, 0.0080788
14000, 8.691, 0.0077903
14500, 8.667, 0.0081010
15000, 8.740, 0.0077681
15500, 8.838, 0.0080788
16000, 8.447, 0.0077903
16500, 8.813, 0.0079901
17000, 8.521, 0.0078791
17500, 8.911, 0.0079901
18000, 8.691, 0.0078791
18500, 8.765, 0.0079457
19000, 8.691, 0.0080344
19500, 8.594, 0.0078125
20000, 8.838, 0.0080123
20500, 8.472, 0.0078569
21000, 8.862, 0.0079901
21500, 8.643, 0.0079235
22000, 8.472, 0.0078569
22500, 8.667, 0.0078125
23000, 8.813, 0.0079679
23500, 8.740, 0.0079457
24000, 8.789, 0.0077681
24500, 8.618, 0.0078125
25000, 8.789, 0.0080566
25500, 8.936, 0.0080566
26000, 8.545, 0.0079901
26500, 8.521, 0.0079901
27000, 8.789, 0.0078125
27500, 8.789, 0.0079679
28000, 8.887, 0.0080566
28500, 8.667, 0.0080566
29000, 8.618, 0.0078347
29500, 8.521, 0.0077459
30000, 8.594, 0.0078125
30500, 8.960, 0.0079457
31000, 8.838, 0.0080123
31500, 8.716, 0.0080123
32000, 8.716, 0.0078791
32500, 8.643, 0.0077459
33000, 8.667, 0.0080123
33500, 8.838, 0.0080123
34000, 8.447, 0.0077903
34500, 8.521, 0.0077681
35000, 8.765, 0.0077459
35500, 8.789, 0.0078125
36000, 8.716, 0.0079679
36500, 8.765, 0.0081232
37000, 8.789, 0.0081010
37500, 8.716, 0.0079679
38000, 8.643, 0.0079013
38500, 8.569, 0.0079013
39000, 8.569, 0.0081010
39500, 8.594, 0.0079901
40000, 8.740, 0.0080566
40500, 8.765, 0.0081010
41000, 8.765, 0.0078125
41500, 8.789, 0.0078347
42000, 8.740, 0.0078569
42500, 8.691, 0.0078347
43000, 8.667, 0.0078569
43500, 8.618, 0.0078347
44000, 8.545, 0.0079013
44500, 8.643, 0.0078791
45000, 8.594, 0.0079013
45500, 8.569, 0.0078569
46000, 8.740, 0.0078791
46500, 8.765, 0.0080123
47000, 8.691, 0.0076793
47500, 8.594, 0.0078569
48000, 8.813, 0.0080788
48500, 8.862, 0.0079901
49000, 8.423, 0.0077903
49500, 8.496, 0.0079901
50000, 8.716, 0.0079679
50500, 8.716, 0.0078569
51000, 8.667, 0.0079013
51500, 8.521, 0.0077237
52000, 8.716, 0.0078125
52500, 8.740, 0.0079013
53000, 8.691, 0.0078569
53500, 8.618, 0.0078791
54000, 8.740, 0.0079901
54500, 8.667, 0.0079901
55000, 8.594, 0.0078125
55500, 8.716, 0.0078125
56000, 8.643, 0.0077903
56500, 8.618, 0.0077903
57000, 8.618, 0.0076349
57500, 8.691, 0.0077237
58000, 8.618, 0.0077459
58500, 8.496, 0.0077459
59000, 8.838, 0.0079901
59500, 8.887, 0.0079901
60000, 8.643, 0.0079235
60500, 8.521, 0.0077903
61000, 8.765, 0.0077237
61500, 8.887, 0.0079679
62000, 8.691, 0.0081010
62500, 8.447, 0.0076349
63000, 8.618, 0.0079013
63500, 8.838, 0.0080788
64000, 8.447, 0.0079013
64500, 8.667, 0.0077681
65000, 8.838, 0.0077237
65500, 8.691, 0.0080123
66000, 8.545, 0.0077237
66500, 8.838, 0.0079235
67000, 8.618, 0.0079235
67500, 8.643, 0.0077237
68000, 8.667, 0.0079901
68500, 8.521, 0.0077237
69000, 8.862, 0.0078791
69500, 8.447, 0.0078347
70000, 8.838, 0.0076349
70500, 8.569, 0.0079901
71000, 8.643, 0.0076127
71500, 8.740, 0.0079235
72000, 8.545, 0.0076571
72500, 8.594, 0.0078569
73000, 8.643, 0.0078347
73500, 8.569, 0.0077459
74000, 8.789, 0.0078347
74500, 8.569, 0.0079457
75000, 8.789, 0.0077459
75500, 8.643, 0.0080566
76000, 8.643, 0.0077903
76500, 8.740, 0.0079457
77000, 8.545, 0.0077681
77500, 8.740, 0.0078347
78000, 8.496, 0.0077903
78500, 8.887, 0.0077237
79000, 8.521, 0.0078347
79500, 8.545, 0.0078569
80000, 8.618, 0.0077459
80500, 8.423, 0.0079679
81000, 8.643, 0.0078791
81500, 8.643, 0.0076793
82000, 8.716, 0.0079013
82500, 8.398, 0.0076793
83000, 8.691, 0.0078125
83500, 8.618, 0.0077681
84000, 8.447, 0.0078791
84500, 8.643, 0.0079679
85000, 8.569, 0.0076571
85500, 8.545, 0.0075906
86000, 8.618, 0.0079235
86500, 8.765, 0.0079901
87000, 8.789, 0.0078125
87500, 8.594, 0.0078125
88000, 8.447, 0.0078347
88500, 8.447, 0.0078125
89000, 8.594, 0.0078125
89500, 8.740, 0.0077681
90000, 8.716, 0.0078347
90500, 8.618, 0.0076127
91000, 8.423, 0.0077015
91500, 8.594, 0.0080344
92000, 8.472, 0.0076571
92500, 8.447, 0.0077459
93000, 8.691, 0.0080123
93500, 8.691, 0.0079013
94000, 8.374, 0.0077681
94500, 8.423, 0.0078791
95000, 8.618, 0.0079235
95500, 8.594, 0.0078347
96000, 8.569, 0.0078125
96500, 8.545, 0.0078347
97000, 8.716, 0.0077903
97500, 8.569, 0.0078569
98000, 8.691, 0.0078791
98500, 8.667, 0.0078569
99000, 8.545, 0.0078347
99500, 8.521, 0.0077015
100000, 8.496, 0.0076571
100500, 8.423, 0.0077459
101000, 8.765, 0.0079013
101500, 8.594, 0.0079235
102000, 8.569, 0.0078125
102500, 8.618, 0.0077459
103000, 8.594, 0.0077681
103500, 8.667, 0.0077459
104000, 8.545, 0.0077459
104500, 8.691, 0.0079235
105000, 8.740, 0.0078791
105500, 8.447, 0.0077903
106000, 8.301, 0.0078125
106500, 8.740, 0.0078791
107000, 8.838, 0.0077681
107500, 8.569, 0.0076349
108000, 8.521, 0.0079679
108500, 8.569, 0.0080344
109000, 8.643, 0.0077681
109500, 8.618, 0.0076127
110000, 8.594, 0.0077681
110500, 8.594, 0.0078569
111000, 8.447, 0.0078347
111500, 8.545, 0.0077459
112000, 8.691, 0.0076571
112500, 8.716, 0.0079235
113000, 8.545, 0.0077459
113500, 8.521, 0.0078569
114000, 8.618, 0.0079235
114500, 8.521, 0.0076349
115000, 8.765, 0.0079457
115500, 8.496, 0.0076571
116000, 8.472, 0.0076571
116500, 8.740, 0.0078347
117000, 8.325, 0.0078125
117500, 8.643, 0.0079457
118000, 8.472, 0.0077015
118500, 8.545, 0.0079679
119000, 8.594, 0.0076127
119500, 8.643, 0.0079235
120000, 8.496, 0.0075684
120500, 8.691, 0.0078125
121000, 8.447, 0.0076793
121500, 8.716, 0.0077681
122000, 8.496, 0.0078125
122500, 8.667, 0.0077681
123000, 8.447, 0.0078125
123500, 8.521, 0.0077237
124000, 8.472, 0.0077237
124500, 8.496, 0.0079235
125000, 8.447, 0.0076571
125500, 8.569, 0.0079235
126000, 8.447, 0.0077015
126500, 8.643, 0.0078125
127000, 8.521, 0.0076571
127500, 8.643, 0.0078569
128000, 8.618, 0.0076571
128500, 8.667, 0.0078791
129000, 8.521, 0.0075684
129500, 8.618, 0.0079457
130000, 8.301, 0.0075684
130500, 8.667, 0.0079013
131000, 8.643, 0.0078347
131500, 8.423, 0.0076571
132000, 8.618, 0.0078347
132500, 8.521, 0.0076127
133000, 8.594, 0.0077681
133500, 8.423, 0.0075906
134000, 8.521, 0.0078125
134500, 8.545, 0.0077681
135000, 8.447, 0.0077015
135500, 8.545, 0.0078569
136000, 8.325, 0.0076571
136500, 8.594, 0.0077459
137000, 8.447, 0.0077903
137500, 8.618, 0.0075906
138000, 8.545, 0.0077015
138500, 8.618, 0.0077903
139000, 8.569, 0.0074796
139500, 8.594, 0.0078347
140000, 8.716, 0.0077681
140500, 8.472, 0.0076793
141000, 8.594, 0.0077681
141500, 8.496, 0.0078347
142000, 8.423, 0.0078569
142500, 8.569, 0.0076127
143000, 8.423, 0.0077903
143500, 8.447, 0.0078569
144000, 8.545, 0.0077237
144500, 8.472, 0.0076793
145000, 8.691, 0.0077903
145500, 8.643, 0.0078125
146000, 8.496, 0.0078569
146500, 8.325, 0.0078791
147000, 8.423, 0.0077459
147500, 8.594, 0.0076571
148000, 8.521, 0.0076127
148500, 8.618, 0.0077903
149000, 8.594, 0.0079235
149500, 8.569, 0.0078125
150000, 8.423, 0.0077681
150500, 8.350, 0.0077237
151000, 8.496, 0.0076571
151500, 8.472, 0.0076349
152000, 8.423, 0.0076571
152500, 8.472, 0.0077237
153000, 8.765, 0.0077681
153500, 8.740, 0.0077903
154000, 8.618, 0.0077903
154500, 8.423, 0.0078125
155000, 8.374, 0.0077459
155500, 8.545, 0.0077459
156000, 8.521, 0.0077681
156500, 8.423, 0.0075684
157000, 8.447, 0.0076349
157500, 8.447, 0.0077903
158000, 8.496, 0.0077459
158500, 8.643, 0.0077237
159000, 8.472, 0.0078791
159500, 8.496, 0.0078791
160000, 8.545, 0.0078569
160500, 8.521, 0.0077903
161000, 8.423, 0.0077903
161500, 8.447, 0.0077015
162000, 8.398, 0.0076571
162500, 8.276, 0.0077681
163000, 8.276, 0.0077681
163500, 8.374, 0.0077903
164000, 8.374, 0.0077015
164500, 8.350, 0.0075684
165000, 8.325, 0.0075240
165500, 8.350, 0.0076349
166000, 8.276, 0.0075240
166500, 8.325, 0.0077237
167000, 8.276, 0.0077459
167500, 8.423, 0.0076127
168000, 8.423, 0.0076571
168500, 8.350, 0.0076349
169000, 8.398, 0.0074796
169500, 8.423, 0.0074130
170000, 8.325, 0.0075684
170500, 8.325, 0.0076127
171000, 8.228, 0.0075462
171500, 8.301, 0.0077459
172000, 8.398, 0.0079013
172500, 8.423, 0.0077903
173000, 8.545, 0.0078125
173500, 8.496, 0.0078569
174000, 8.569, 0.0078347
174500, 8.667, 0.0076793
175000, 8.618, 0.0077459
175500, 8.521, 0.0077459
176000, 8.594, 0.0076127
176500, 8.545, 0.0077237
177000, 8.472, 0.0077459
177500, 8.423, 0.0076793
178000, 8.521, 0.0076793
178500, 8.398, 0.0077015
179000, 8.447, 0.0076571
179500, 8.423, 0.0077015
180000, 8.325, 0.0078569
180500, 8.398, 0.0077903
181000, 8.398, 0.0077681
181500, 8.447, 0.0077681
182000, 8.374, 0.0077903
182500, 8.423, 0.0077015
183000, 8.496, 0.0077681
183500, 8.325, 0.0078347
184000, 8.374, 0.0078569
184500, 8.423, 0.0077903
185000, 8.496, 0.0077903
185500, 8.569, 0.0078125
186000, 8.667, 0.0077681
186500, 8.618, 0.0077015
187000, 8.569, 0.0078125
187500, 8.496, 0.0077903
188000, 8.618, 0.0077237
188500, 8.496, 0.0078569
189000, 8.423, 0.0078347
189500, 8.496, 0.0079679
190000, 8.545, 0.0079013
190500, 8.618, 0.0079235
191000, 8.594, 0.0078569
191500, 8.643, 0.0077015
192000, 8.643, 0.0076127
192500, 8.545, 0.0076571
193000, 8.447, 0.0074796
193500, 8.423, 0.0075018
194000, 8.374, 0.0075906
194500, 8.447, 0.0075018
195000, 8.545, 0.0075906
195500, 8.496, 0.0077015
196000, 8.447, 0.0075462
196500, 8.496, 0.0077681
197000, 8.447, 0.0077459
197500, 8.594, 0.0076793
198000, 8.545, 0.0077237
198500, 8.545, 0.0077237
199000, 8.496, 0.0075684
199500, 8.447, 0.0076793
200000, 8.301, 0.0077459
200500, 8.276, 0.0076793
201000, 8.472, 0.0078125
201500, 8.350, 0.0078347
202000, 8.350, 0.0076571
202500, 8.423, 0.0075018
203000, 8.374, 0.0076571
203500, 8.325, 0.0077459
204000, 8.374, 0.0077459
204500, 8.423, 0.0076793
205000, 8.423, 0.0077459
205500, 8.447, 0.0077681
206000, 8.472, 0.0077015
206500, 8.398, 0.0078569
207000, 8.423, 0.0078347
207500, 8.496, 0.0077681
208000, 8.594, 0.0077903
208500, 8.496, 0.0078569
209000, 8.545, 0.0078125
209500, 8.569, 0.0077015
210000, 8.569, 0.0077459
210500, 8.594, 0.0077681
211000, 8.569, 0.0076349
211500, 8.496, 0.0076571
212000, 8.423, 0.0077903
212500, 8.447, 0.0076349
213000, 8.179, 0.0076571
213500, 8.276, 0.0075906
214000, 8.252, 0.0076127
214500, 8.398, 0.0078347
215000, 8.447, 0.0077903
215500, 8.472, 0.0078347
216000, 8.423, 0.0078347
216500, 8.496, 0.0076793
217000, 8.423, 0.0077237
217500, 8.276, 0.0077015
218000, 8.301, 0.0076571
218500, 8.594, 0.0077459
219000, 8.496, 0.0076349
219500, 8.447, 0.0077237
220000, 8.423, 0.0076127
220500, 8.447, 0.0076127
221000, 8.447, 0.0077459
221500, 8.423, 0.0075906
222000, 8.496, 0.0076349
222500, 8.423, 0.0075240
223000, 8.447, 0.0075906
223500, 8.374, 0.0076571
224000, 8.472, 0.0077459
224500, 8.496, 0.0077015
225000, 8.667, 0.0077459
225500, 8.643, 0.0076793
226000, 8.521, 0.0076127
226500, 8.569, 0.0075906
227000, 8.398, 0.0075018
227500, 8.301, 0.0074352
228000, 8.350, 0.0074352
228500, 8.325, 0.0075240
229000, 8.301, 0.0075240
229500, 8.325, 0.0076127
230000, 8.301, 0.0077459
230500, 8.374, 0.0078125
231000, 8.496, 0.0078125
231500, 8.374, 0.0077459
232000, 8.521, 0.0077681
232500, 8.569, 0.0076793
233000, 8.521, 0.0078347
233500, 8.423, 0.0076571
234000, 8.496, 0.0076349
234500, 8.398, 0.0076571
235000, 8.350, 0.0075906
235500, 8.423, 0.0075462
236000, 8.350, 0.0075684
236500, 8.252, 0.0076793
237000, 8.423, 0.0077459
237500, 8.398, 0.0077459
238000, 8.472, 0.0076571
238500, 8.398, 0.0077237
239000, 8.252, 0.0076349
239500, 8.276, 0.0077459
240000, 8.325, 0.0077459
240500, 8.301, 0.0077015
241000, 8.374, 0.0076793
241500, 8.301, 0.0076571
242000, 8.301, 0.0075906
242500, 8.276, 0.0075906
243000, 8.398, 0.0077237
243500, 8.374, 0.0075684
244000, 8.521, 0.0076349
244500, 8.398, 0.0073908
245000, 8.350, 0.0076127
245500, 8.398, 0.0077459
246000, 8.594, 0.0077459
246500, 8.301, 0.0076571
247000, 8.203, 0.0075018
247500, 8.179, 0.0076793
248000, 8.423, 0.0076793
248500, 8.521, 0.0076571
249000, 8.472, 0.0076127
249500, 8.374, 0.0074130
250000, 8.301, 0.0075462
250500, 8.301, 0.0076127
251000, 8.447, 0.0076571
251500, 8.618, 0.0077015
252000, 8.521, 0.0075240
252500, 8.447, 0.0076571
253000, 8.350, 0.0076127
253500, 8.398, 0.0076793
254000, 8.350, 0.0077237
254500, 8.350, 0.0077015
255000, 8.447, 0.0076793
255500, 8.325, 0.0077237
256000, 8.252, 0.0075906
256500, 8.228, 0.0078347
257000, 8.325, 0.0077015
257500, 8.374, 0.0075462
258000, 8.301, 0.0075240
258500, 8.472, 0.0075906
259000, 8.496, 0.0077459
259500, 8.496, 0.0074352
260000, 8.252, 0.0075684
260500, 8.301, 0.0076571
261000, 8.398, 0.0078347
261500, 8.325, 0.0078569
262000, 8.398, 0.0074796
262500, 8.252, 0.0075018
263000, 8.179, 0.0074574
263500, 8.179, 0.0076127
264000, 8.325, 0.0076793
264500, 8.496, 0.0076127
265000, 8.472, 0.0076349
265500, 8.398, 0.0075684
266000, 8.276, 0.0075462
266500, 8.252, 0.0075906
267000, 8.350, 0.0075018
267500, 8.472, 0.0075906
268000, 8.447, 0.0076571
268500, 8.447, 0.0075684
269000, 8.447, 0.0076349
269500, 8.350, 0.0076127
270000, 8.374, 0.0076571
270500, 8.228, 0.0075018
271000, 8.252, 0.0074796
271500, 8.276, 0.0078125
272000, 8.423, 0.0075240
272500, 8.447, 0.0074574
273000, 8.203, 0.0073908
273500, 8.276, 0.0075462
274000, 8.325, 0.0076571
274500, 8.618, 0.0077237
275000, 8.350, 0.0076793
275500, 8.154, 0.0075018
276000, 8.130, 0.0075240
276500, 8.350, 0.0078125
277000, 8.496, 0.0076349
277500, 8.252, 0.0074796
278000, 8.325, 0.0075906
278500, 8.545, 0.0077459
279000, 8.447, 0.0076127
279500, 8.276, 0.0077015
280000, 8.154, 0.0076571
280500, 8.374, 0.0076127
281000, 8.252, 0.0075462
281500, 8.374, 0.0073908
282000, 8.447, 0.0075906
282500, 8.423, 0.0076127
283000, 8.325, 0.0075462
283500, 8.252, 0.0076349
284000, 8.350, 0.0077459
284500, 8.472, 0.0075240
285000, 8.276, 0.0074352
285500, 8.423, 0.0076571
286000, 8.472, 0.0076793
286500, 8.350, 0.0075906
287000, 8.203, 0.0075018
287500, 8.374, 0.0076127
288000, 8.521, 0.0075906
288500, 8.252, 0.0075240
289000, 8.228, 0.0077015
289500, 8.472, 0.0077459
290000, 8.301, 0.0075462
290500, 8.350, 0.0075240
291000, 8.472, 0.0075906
291500, 8.228, 0.0077903
292000, 8.325, 0.0075906
292500, 8.276, 0.0074352
293000, 8.472, 0.0075018
293500, 8.472, 0.0078125
294000, 8.423, 0.0074352
294500, 8.130, 0.0076127
295000, 8.643, 0.0075906
295500, 8.472, 0.0075462
296000, 8.228, 0.0074796
296500, 8.301, 0.0078125
297000, 8.447, 0.0076793
297500, 8.301, 0.0075462
298000, 8.252, 0.0073908
298500, 8.521, 0.0077237
299000, 8.545, 0.0075462
299500, 8.105, 0.0075684
300000, 8.325, 0.0077015
300500, 8.325, 0.0075018
301000, 8.276, 0.0074130
301500, 8.472, 0.0076349
302000, 8.252, 0.0076349
302500, 8.301, 0.0075462
303000, 8.276, 0.0075018
303500, 8.447, 0.0075684
304000, 8.325, 0.0075462
304500, 8.301, 0.0077459
305000, 8.350, 0.0074574
305500, 8.252, 0.0074130
306000, 8.398, 0.0075462
306500, 8.423, 0.0076349
307000, 8.154, 0.0075684
307500, 8.447, 0.0076571
308000, 8.447, 0.0076349
308500, 8.276, 0.0074352
309000, 8.252, 0.0077237
309500, 8.472, 0.0076349
310000, 8.179, 0.0074130
310500, 8.472, 0.0076793
311000, 8.350, 0.0075462
311500, 8.276, 0.0076127
312000, 8.301, 0.0075018
312500, 8.423, 0.0075462
313000, 8.398, 0.0074574
313500, 8.325, 0.0076571
314000, 8.203, 0.0076127
314500, 8.325, 0.0075240
315000, 8.521, 0.0075906
315500, 8.350, 0.0074796
316000, 8.203, 0.0077237
316500, 8.447, 0.0077237
317000, 8.228, 0.0074130
317500, 8.374, 0.0076127
318000, 8.325, 0.0076349
318500, 8.228, 0.0074796
319000, 8.301, 0.0074796
319500, 8.472, 0.0075684
320000, 8.179, 0.0073908
320500, 8.179, 0.0076571
321000, 8.423, 0.0075018
321500, 8.154, 0.0074796
322000, 8.325, 0.0075906
322500, 8.325, 0.0076571
323000, 8.301, 0.0075018
323500, 8.350, 0.0076349
324000, 8.252, 0.0076571
324500, 8.325, 0.0074352
325000, 8.276, 0.0077459
325500, 8.252, 0.0075240
326000, 8.350, 0.0075240
326500, 8.228, 0.0075462
327000, 8.398, 0.0075906
327500, 8.374, 0.0075018
328000, 8.301, 0.0076571
328500, 8.447, 0.0073242
329000, 8.203, 0.0076349
329500, 8.325, 0.0075018
330000, 8.228, 0.0074574
330500, 8.374, 0.0076127
331000, 8.228, 0.0074796
331500, 8.325, 0.0075684
332000, 8.325, 0.0075684
332500, 8.228, 0.0074352
333000, 8.398, 0.0077237
333500, 8.179, 0.0073464
334000, 8.496, 0.0076349
334500, 8.203, 0.0075240
335000, 8.472, 0.0075684
335500, 8.203, 0.0074796
336000, 8.423, 0.0075906
336500, 8.203, 0.0074130
337000, 8.325, 0.0076349
337500, 8.081, 0.0074796
338000, 8.252, 0.0075240
338500, 8.203, 0.0075462
339000, 8.374, 0.0074796
339500, 8.179, 0.0076571
340000, 8.325, 0.0073908
340500, 8.325, 0.0077903
341000, 8.154, 0.0074574
341500, 8.569, 0.0075684
342000, 8.130, 0.0074796
342500, 8.423, 0.0075240
343000, 8.325, 0.0075906
343500, 8.398, 0.0075684
344000, 8.252, 0.0075684
344500, 8.374, 0.0075240
345000, 8.203, 0.0074796
345500, 8.423, 0.0075018
346000, 8.252, 0.0074574
346500, 8.276, 0.0075462
347000, 8.203, 0.0075906
347500, 8.228, 0.0073686
348000, 8.350, 0.0076793
348500, 8.154, 0.0072798
349000, 8.203, 0.0077015
349500, 8.252, 0.0074352
350000, 8.423, 0.0077237
350500, 8.325, 0.0075462
351000, 8.325, 0.0075906
351500, 8.228, 0.0074130
352000, 8.350, 0.0076349
352500, 8.252, 0.0073686
353000, 8.228, 0.0075240
353500, 8.350, 0.0075018
354000, 8.154, 0.0075684
354500, 8.374, 0.0074796
355000, 8.203, 0.0077015
355500, 8.203, 0.0074574
356000, 8.350, 0.0074130
356500, 8.130, 0.0075240
357000, 8.228, 0.0073020
357500, 8.545, 0.0076349
358000, 7.520, 0.0075018
358500, 8.862, 0.0076349
359000, 7.910, 0.0073908
359500, 8.838, 0.0081454
360000, 8.447, 0.0076571
360500, 8.960, 0.0082120
361000, 8.691, 0.0078347
361500, 8.643, 0.0078791
362000, 8.960, 0.0077903
362500, 8.521, 0.0081010
363000, 8.838, 0.0078569
363500, 8.618, 0.0080344
364000, 8.936, 0.0080123
364500, 8.594, 0.0080123
365000, 8.765, 0.0079013
365500, 8.838, 0.0079679
366000, 8.667, 0.0078569
366500, 8.716, 0.0082120
367000, 8.862, 0.0078791
367500, 8.667, 0.0078791
368000, 8.960, 0.0081898
368500, 8.594, 0.0078791
369000, 8.838, 0.0079901
369500, 9.009, 0.0080123
370000, 8.716, 0.0079235
370500, 8.618, 0.0079901
371000, 8.838, 0.0079235
371500, 8.789, 0.0079679
372000, 8.740, 0.0080344
372500, 8.667, 0.0079901
373000, 8.765, 0.0080344
373500, 8.838, 0.0079457
374000, 8.740, 0.0080566
374500, 8.813, 0.0080788
375000, 8.789, 0.0079235
375500, 8.765, 0.0081454
376000, 8.789, 0.0079901
376500, 8.716, 0.0079901
377000, 9.082, 0.0080788
377500, 8.716, 0.0079235
378000, 8.789, 0.0081454
378500, 8.813, 0.0078791
379000, 8.765, 0.0080123
379500, 8.813, 0.0081898
380000, 8.789, 0.0079457
380500, 8.911, 0.0080344
381000, 8.643, 0.0080566
381500, 8.887, 0.0080344
382000, 8.911, 0.0080123
382500, 8.984, 0.0081676
383000, 8.643, 0.0079013
383500, 8.960, 0.0080344
384000, 8.740, 0.0079457
384500, 8.667, 0.0079235
385000, 8.984, 0.0081676
385500, 8.911, 0.0079235
386000, 8.643, 0.0081454
386500, 8.911, 0.0081454
387000, 8.789, 0.0078347
387500, 8.813, 0.0081898
388000, 8.984, 0.0081232
388500, 8.643, 0.0080788
389000, 8.862, 0.0079901
389500, 8.960, 0.0079901
390000, 8.862, 0.0080566
390500, 8.618, 0.0081676
391000, 8.887, 0.0079901
391500, 8.936, 0.0081232
392000, 8.862, 0.0080344
392500, 8.813, 0.0081010
393000, 8.911, 0.0079901
393500, 8.765, 0.0080566
394000, 8.838, 0.0081232
394500, 8.765, 0.0078125
395000, 8.838, 0.0079457
395500, 8.984, 0.0082120
396000, 8.594, 0.0079235
396500, 8.691, 0.0081010
397000, 8.984, 0.0080344
397500, 8.691, 0.0081454
398000, 8.887, 0.0080566
398500, 8.813, 0.0080123
399000, 8.862, 0.0079901
399500, 8.691, 0.0080788
400000, 8.862, 0.0078791
400500, 8.887, 0.0080123
401000, 8.643, 0.0081232
401500, 8.887, 0.0079679
402000, 8.618, 0.0079901
402500, 9.033, 0.0081232
403000, 8.643, 0.0079457
403500, 8.887, 0.0081454
404000, 9.082, 0.0081898
404500, 8.740, 0.0079235
405000, 8.813, 0.0081676
405500, 9.009, 0.0079457
406000, 8.740, 0.0081010
406500, 8.838, 0.0080344
407000, 8.789, 0.0081010
407500, 8.911, 0.0081232
408000, 8.740, 0.0080566
408500, 8.862, 0.0080344
409000, 8.911, 0.0079679
409500, 8.887, 0.0080788
410000, 8.765, 0.0079679
410500, 8.984, 0.0081676
411000, 8.765, 0.0080788
411500, 8.789, 0.0081898
412000, 9.033, 0.0079901
412500, 8.716, 0.0079901
413000, 8.838, 0.0081676
413500, 8.862, 0.0078125
414000, 8.911, 0.0080788
414500, 8.960, 0.0081898
415000, 8.667, 0.0079457
415500, 9.009, 0.0080788
416000, 8.740, 0.0081232
416500, 8.813, 0.0079901
417000, 8.813, 0.0081010
417500, 8.936, 0.0080788
418000, 8.643, 0.0079679
418500, 9.009, 0.0080123
419000, 8.862, 0.0081010
419500, 8.862, 0.0081454
420000, 9.033, 0.0081454
420500, 8.813, 0.0078791
421000, 9.082, 0.0082342
421500, 8.716, 0.0079679
422000, 9.009, 0.0080788
422500, 8.765, 0.0081010
423000, 8.838, 0.0081232
423500, 8.960, 0.0081010
424000, 8.838, 0.0081010
424500, 8.838, 0.0079901
425000, 8.911, 0.0081898
425500, 8.862, 0.0079901
426000, 8.936, 0.0081676
426500, 8.838, 0.0079679
427000, 8.813, 0.0081898
427500, 8.838, 0.0079679
428000, 8.984, 0.0082120
428500, 8.887, 0.0079901
429000, 9.009, 0.0082342
429500, 8.765, 0.0079235
430000, 8.960, 0.0081232
430500, 8.911, 0.0081676
431000, 8.838, 0.0080344
431500, 8.887, 0.0080344
432000, 8.789, 0.0080344
432500, 8.862, 0.0080344
433000, 8.887, 0.0080344
433500, 9.009, 0.0081232
434000, 8.716, 0.0081010
434500, 9.033, 0.0079457
435000, 8.862, 0.0081898
435500, 8.789, 0.0079013
436000, 9.009, 0.0081454
436500, 8.813, 0.0080344
437000, 8.911, 0.0081010
437500, 8.813, 0.0081676
438000, 8.960, 0.0078791
438500, 8.862, 0.0083452
439000, 8.789, 0.0079457
439500, 9.180, 0.0082120
440000, 8.643, 0.0080344
440500, 8.862, 0.0080566
441000, 8.789, 0.0081010
441500, 8.838, 0.0078791
442000, 9.009, 0.0082342
442500, 8.838, 0.0080566
443000, 8.862, 0.0081232
443500, 8.813, 0.0080344
444000, 8.887, 0.0081232
444500, 8.765, 0.0081010
445000, 8.960, 0.0079679
445500, 8.887, 0.0083008
446000, 8.862, 0.0079679
446500, 9.058, 0.0082120
447000, 8.691, 0.0080123
447500, 8.887, 0.0080344
448000, 8.960, 0.0081454
448500, 8.838, 0.0079901
449000, 8.813, 0.0081898
449500, 8.887, 0.0080344
450000, 8.862, 0.0079679
450500, 8.887, 0.0080788
451000, 8.936, 0.0081676
451500, 8.813, 0.0079901
452000, 8.960, 0.0081232
452500, 9.058, 0.0081898
453000, 8.862, 0.0079679
453500, 9.082, 0.0083230
454000, 8.789, 0.0081454
454500, 8.716, 0.0080344
455000, 9.058, 0.0079901
455500, 8.960, 0.0081232
456000, 9.009, 0.0081676
456500, 8.838, 0.0081010
457000, 8.936, 0.0081676
457500, 9.009, 0.0081010
458000, 8.643, 0.0081232
458500, 9.009, 0.0079235
459000, 8.862, 0.0082564
459500, 8.716, 0.0080566
460000, 9.033, 0.0081676
460500, 8.887, 0.0079457
461000, 8.838, 0.0081232
461500, 8.911, 0.0081676
462000, 8.911, 0.0082120
462500, 8.862, 0.0082120
463000, 8.691, 0.0079013
463500, 8.887, 0.0081232
464000, 9.229, 0.0081010
464500, 8.765, 0.0080344
465000, 8.911, 0.0080566
465500, 9.033, 0.0080788
466000, 8.838, 0.0081454
466500, 9.106, 0.0081010
467000, 8.813, 0.0081232
467500, 8.887, 0.0079679
468000, 8.960, 0.0082786
468500, 8.911, 0.0080123
469000, 8.813, 0.0081010
469500, 8.789, 0.0082342
470000, 8.789, 0.0079901
470500, 9.131, 0.0081454
471000, 8.862, 0.0082342
471500, 8.862, 0.0080566
472000, 8.936, 0.0080123
472500, 9.058, 0.0082342
473000, 8.789, 0.0079457
473500, 9.009, 0.0080344
474000, 9.131, 0.0081454
474500, 8.789, 0.0082342
475000, 8.838, 0.0081454
475500, 8.911, 0.0081010
476000, 9.033, 0.0081454
476500, 8.813, 0.0081898
477000, 8.984, 0.0079679
477500, 8.911, 0.0082564
478000, 8.765, 0.0080123
478500, 9.058, 0.0081454
479000, 9.033, 0.0082564
479500, 8.691, 0.0079901
480000, 9.009, 0.0081232
480500, 8.887, 0.0080123
481000, 8.960, 0.0081232
481500, 8.813, 0.0081010
482000, 8.960, 0.0082342
482500, 8.862, 0.0080123
483000, 8.984, 0.0081010
483500, 9.106, 0.0082120
484000, 8.813, 0.0081454
484500, 8.936, 0.0080344
485000, 8.887, 0.0082564
485500, 8.984, 0.0081676
486000, 8.936, 0.0080344
486500, 9.106, 0.0081676
487000, 8.887, 0.0082342
487500, 8.789, 0.0081454
488000, 8.911, 0.0079457
488500, 9.033, 0.0081232
489000, 8.911, 0.0081232
489500, 8.813, 0.0079901
490000, 8.911, 0.0079901
490500, 9.155, 0.0081010
491000, 8.911, 0.0081676
491500, 8.960, 0.0083008
492000, 9.106, 0.0081898
492500, 8.789, 0.0079457
493000, 8.911, 0.0080788
493500, 9.155, 0.0081898
494000, 9.009, 0.0083896
494500, 8.838, 0.0082120
495000, 8.911, 0.0079679
495500, 8.813, 0.0081010
496000, 8.911, 0.0082120
496500, 8.936, 0.0080123
497000, 8.984, 0.0081010
497500, 8.984, 0.0081676
498000, 9.155, 0.0082120
498500, 9.131, 0.0082342
499000, 8.813, 0.0080123
499500, 8.813, 0.0081010
500000, 9.106, 0.0081010
500500, 9.009, 0.0081010
501000, 9.009, 0.0082120
501500, 9.155, 0.0081898
502000, 8.643, 0.0080566
502500, 8.838, 0.0080566
503000, 9.058, 0.0080566
503500, 8.862, 0.0081010
504000, 8.960, 0.0079679
504500, 8.984, 0.0083008
505000, 9.009, 0.0081898
505500, 8.740, 0.0082342
506000, 8.813, 0.0079457
506500, 9.009, 0.0081454
507000, 9.009, 0.0080788
507500, 8.911, 0.0078791
508000, 8.984, 0.0082786
508500, 8.911, 0.0081454
509000, 8.887, 0.0081454
509500, 9.033, 0.0080123
510000, 8.887, 0.0081454
510500, 9.131, 0.0081454
511000, 8.740, 0.0080123
511500, 9.033, 0.0081898
512000, 8.936, 0.0081676
512500, 9.155, 0.0079457
513000, 8.984, 0.0083008
513500, 8.862, 0.0083008
514000, 8.960, 0.0080788
514500, 8.960, 0.0081676
515000, 9.009, 0.0080344
515500, 8.911, 0.0081454
516000, 8.887, 0.0081676
516500, 8.911, 0.0079013
517000, 8.887, 0.0079679
517500, 9.131, 0.0082342
518000, 9.082, 0.0082564
518500, 8.984, 0.0082564
519000, 8.911, 0.0081898
519500, 8.936, 0.0083452
520000, 9.033, 0.0083452
520500, 9.058, 0.0083008
521000, 9.009, 0.0081010
521500, 9.033, 0.0081676
522000, 9.009, 0.0081676
522500, 8.936, 0.0081232
523000, 9.033, 0.0081454
523500, 8.984, 0.0081232
524000, 8.789, 0.0080123
524500, 8.984, 0.0080123
525000, 9.058, 0.0079457
525500, 8.984, 0.0081898
526000, 8.984, 0.0083008
526500, 9.131, 0.0081898
527000, 8.984, 0.0082342
527500, 8.887, 0.0083008
528000, 8.887, 0.0081010
528500, 8.887, 0.0081232
529000, 9.033, 0.0083452
529500, 9.204, 0.0083230
530000, 9.082, 0.0081010
530500, 8.984, 0.0080566
531000, 8.936, 0.0081898
531500, 9.009, 0.0082120
532000, 9.082, 0.0083008
532500, 9.058, 0.0084561
533000, 8.960, 0.0082342
533500, 8.813, 0.0082786
534000, 8.984, 0.0083008
534500, 9.180, 0.0083008
535000, 9.180, 0.0081676
535500, 8.862, 0.0080788
536000, 8.838, 0.0081676
536500, 8.789, 0.0082564
537000, 8.936, 0.0081898
537500, 9.009, 0.0080566
538000, 9.009, 0.0080788
538500, 8.862, 0.0080123
539000, 9.082, 0.0080344
539500, 9.009, 0.0078791
540000, 8.887, 0.0079901
540500, 8.936, 0.0081232
541000, 8.960, 0.0081676
541500, 8.960, 0.0081898
542000, 8.887, 0.0082786
542500, 8.984, 0.0084118
543000, 9.058, 0.0083896
543500, 9.204, 0.0083008
544000, 9.058, 0.0081454
544500, 8.960, 0.0081232
545000, 9.009, 0.0080566
545500, 9.033, 0.0082342
546000, 9.131, 0.0082786
546500, 9.009, 0.0081454
547000, 9.033, 0.0082120
547500, 8.960, 0.0081232
548000, 8.984, 0.0084118
548500, 9.009, 0.0081454
549000, 8.667, 0.0080566
549500, 8.813, 0.0081676
550000, 8.838, 0.0081898
550500, 9.009, 0.0081232
551000, 8.960, 0.0081232
551500, 9.131, 0.0081676
552000, 9.131, 0.0081010
552500, 8.887, 0.0081232
553000, 8.862, 0.0083230
553500, 9.058, 0.0081232
554000, 8.936, 0.0081676
554500, 9.082, 0.0080788
555000, 8.862, 0.0079901
555500, 8.887, 0.0083674
556000, 9.009, 0.0080566
556500, 9.033, 0.0082120
557000, 8.862, 0.0081454
557500, 9.155, 0.0082564
558000, 8.984, 0.0081010
558500, 8.838, 0.0082564
559000, 8.936, 0.0081232
559500, 8.936, 0.0082342
560000, 8.960, 0.0083008
560500, 9.082, 0.0080566
561000, 8.960, 0.0081676
561500, 9.106, 0.0081454
562000, 8.838, 0.0080123
562500, 9.229, 0.0082342
563000, 9.009, 0.0082564
563500, 8.911, 0.0082342
564000, 9.009, 0.0080344
564500, 9.058, 0.0081676
565000, 9.082, 0.0082342
565500, 8.911, 0.0081676
566000, 9.058, 0.0081010
566500, 9.009, 0.0081010
567000, 9.253, 0.0083008
567500, 8.789, 0.0080566
568000, 9.058, 0.0081454
568500, 9.009, 0.0080123
569000, 9.009, 0.0081676
569500, 9.082, 0.0082120
570000, 9.082, 0.0082120
570500, 8.862, 0.0083008
571000, 9.204, 0.0083230
571500, 8.862, 0.0081232
572000, 8.960, 0.0080344
572500, 9.009, 0.0081232
573000, 9.082, 0.0081232
573500, 9.155, 0.0083230
574000, 8.813, 0.0079901
574500, 9.033, 0.0082342
575000, 8.960, 0.0079679
575500, 8.936, 0.0081454
576000, 9.082, 0.0082342
576500, 8.740, 0.0081232
577000, 8.838, 0.0082120
577500, 9.033, 0.0080566
578000, 8.984, 0.0083896
578500, 9.082, 0.0082786
579000, 8.716, 0.0081454
579500, 8.911, 0.0082342
580000, 9.009, 0.0081232
580500, 9.131, 0.0083230
581000, 9.180, 0.0082564
581500, 8.960, 0.0081232
582000, 8.911, 0.0082564
582500, 8.911, 0.0079013
583000, 9.131, 0.0081676
583500, 8.960, 0.0081454
584000, 9.033, 0.0081898
584500, 9.058, 0.0081232
585000, 8.984, 0.0083674
585500, 8.813, 0.0079901
586000, 9.058, 0.0083008
586500, 8.936, 0.0082342
587000, 8.911, 0.0081898
587500, 8.813, 0.0080788
588000, 9.106, 0.0083674
588500, 8.936, 0.0082120
589000, 8.838, 0.0081898
589500, 9.009, 0.0079679
590000, 9.155, 0.0083230
590500, 8.862, 0.0081676
591000, 9.082, 0.0082342
591500, 8.936, 0.0082786
592000, 9.058, 0.0081676
592500, 8.838, 0.0079901
593000, 9.155, 0.0083230
593500, 8.838, 0.0081454
594000, 8.813, 0.0081232
594500, 9.082, 0.0083008
595000, 8.911, 0.0078791
595500, 9.131, 0.0083896
596000, 8.740, 0.0082564
596500, 9.033, 0.0079901
597000, 8.984, 0.0081010
597500, 9.033, 0.0084561
598000, 8.813, 0.0081010
598500, 9.204, 0.0082120
599000, 8.984, 0.0082564
599500, 8.984, 0.0081454
600000, 8.838, 0.0081454
600500, 9.131, 0.0082564
601000, 8.813, 0.0081454
601500, 8.936, 0.0082564
602000, 8.911, 0.0083008
602500, 8.960, 0.0079901
603000, 9.009, 0.0081898
603500, 9.082, 0.0083008
604000, 8.887, 0.0082120
604500, 9.033, 0.0082786
605000, 8.862, 0.0079235
605500, 8.984, 0.0082120
606000, 9.302, 0.0082342
606500, 9.204, 0.0083008
607000, 9.082, 0.0081454
607500, 9.033, 0.0080788
608000, 8.911, 0.0080566
608500, 8.887, 0.0080123
609000, 9.033, 0.0081010
609500, 9.229, 0.0081898
610000, 8.984, 0.0082120
610500, 8.936, 0.0083452
611000, 8.960, 0.0083008
611500, 9.155, 0.0081898
612000, 9.106, 0.0082786
612500, 8.911, 0.0082342
613000, 8.838, 0.0079679
613500, 8.960, 0.0083896
614000, 9.033, 0.0083674
614500, 9.033, 0.0081454
615000, 8.911, 0.0081676
615500, 9.106, 0.0081454
616000, 9.106, 0.0084118
616500, 8.911, 0.0080788
617000, 8.862, 0.0082342
617500, 9.204, 0.0083008
618000, 8.862, 0.0081010
618500, 9.033, 0.0081454
619000, 8.936, 0.0082786
619500, 8.960, 0.0082786
620000, 8.887, 0.0080788
620500, 9.009, 0.0081232
621000, 9.302, 0.0081898
621500, 8.984, 0.0083230
622000, 9.058, 0.0082786
622500, 9.009, 0.0080344
623000, 8.936, 0.0080566
623500, 8.984, 0.0082564
624000, 9.009, 0.0081010
624500, 9.106, 0.0083230
625000, 9.058, 0.0083008
625500, 8.789, 0.0080566
626000, 8.984, 0.0082786
626500, 9.253, 0.0083452
627000, 9.058, 0.0081898
627500, 8.887, 0.0081676
628000, 8.936, 0.0080123
628500, 8.813, 0.0080123
629000, 8.887, 0.0081454
629500, 9.229, 0.0083008
630000, 9.106, 0.0081232
630500, 8.862, 0.0081898
631000, 9.009, 0.0081232
631500, 8.984, 0.0081454
632000, 8.984, 0.0082120
632500, 9.180, 0.0080788
633000, 9.082, 0.0083008
633500, 8.984, 0.0083230
634000, 8.936, 0.0081676
634500, 8.887, 0.0080788
635000, 9.082, 0.0081676
635500, 9.180, 0.0081676
636000, 9.033, 0.0082342
636500, 8.936, 0.0083674
637000, 8.960, 0.0080566
637500, 8.960, 0.0082120
638000, 9.229, 0.0083008
638500, 8.887, 0.0081676
639000, 9.082, 0.0081676
639500, 9.058, 0.0081454
640000, 8.887, 0.0083896
640500, 8.887, 0.0081010
641000, 9.033, 0.0081232
641500, 9.082, 0.0083008
642000, 9.009, 0.0081454
642500, 9.058, 0.0082564
643000, 8.984, 0.0081676
643500, 8.984, 0.0081010
644000, 9.009, 0.0081898
644500, 8.936, 0.0081232
645000, 9.082, 0.0081232
645500, 8.887, 0.0082786
646000, 8.984, 0.0080788
646500, 9.155, 0.0083452
647000, 8.789, 0.0080123
647500, 9.131, 0.0083674
648000, 8.765, 0.0081232
648500, 9.106, 0.0081454
649000, 8.887, 0.0084118
649500, 9.155, 0.0081010
650000, 8.984, 0.0081898
650500, 8.960, 0.0082786
651000, 8.813, 0.0081676
651500, 9.180, 0.0081676
652000, 9.009, 0.0083230
652500, 9.058, 0.0081232
653000, 9.058, 0.0083230
653500, 9.058, 0.0082342
654000, 8.936, 0.0082786
654500, 8.862, 0.0083230
655000, 9.033, 0.0079901
655500, 8.984, 0.0081010
656000, 9.253, 0.0083452
656500, 8.838, 0.0081676
657000, 8.862, 0.0081676
657500, 9.009, 0.0080788
658000, 8.960, 0.0081676
658500, 9.082, 0.0084783
659000, 9.082, 0.0083230
659500, 8.740, 0.0081454
660000, 9.058, 0.0080344
660500, 9.106, 0.0081676
661000, 9.131, 0.0082786
661500, 9.009, 0.0082342
662000, 9.009, 0.0081010
662500, 8.862, 0.0080344
663000, 8.936, 0.0080344
663500, 9.106, 0.0081898
664000, 9.180, 0.0084118
664500, 9.009, 0.0081232
665000, 9.009, 0.0081676
665500, 9.058, 0.0082564
666000, 9.033, 0.0081676
666500, 8.960, 0.0082120
667000, 9.106, 0.0084118
667500, 9.009, 0.0081454
668000, 8.643, 0.0081232
668500, 9.204, 0.0083008
669000, 9.155, 0.0081898
669500, 8.984, 0.0082342
670000, 9.009, 0.0082120
670500, 8.838, 0.0081232
671000, 8.887, 0.0081454
671500, 9.253, 0.0080566
672000, 9.229, 0.0081898
672500, 8.960, 0.0081898
673000, 8.960, 0.0081676
673500, 9.009, 0.0081676
674000, 9.058, 0.0082342
674500, 8.813, 0.0083008
675000, 8.960, 0.0081010
675500, 9.058, 0.0079901
676000, 9.229, 0.0083674
676500, 8.862, 0.0081454
677000, 8.887, 0.0082786
677500, 9.131, 0.0082342
678000, 8.936, 0.0082342
678500, 9.033, 0.0082120
679000, 9.033, 0.0081232
679500, 9.229, 0.0083008
680000, 9.131, 0.0083230
680500, 8.618, 0.0082342
681000, 9.253, 0.0082786
681500, 9.033, 0.0081898
682000, 8.984, 0.0081898
682500, 8.911, 0.0081676
683000, 9.180, 0.0082342
683500, 9.033, 0.0083230
684000, 8.887, 0.0083230
684500, 8.960, 0.0080123
685000, 9.229, 0.0083674
685500, 9.009, 0.0081454
686000, 8.765, 0.0081676
686500, 9.155, 0.0082120
687000, 8.984, 0.0082564
687500, 9.058, 0.0082564
688000, 8.887, 0.0081232
688500, 9.326, 0.0083230
689000, 8.813, 0.0082120
689500, 9.106, 0.0081010
690000, 8.984, 0.0083008
690500, 9.009, 0.0081232
691000, 9.009, 0.0082342
691500, 9.082, 0.0081454
692000, 8.862, 0.0081010
692500, 9.033, 0.0081232
693000, 9.009, 0.0085005
693500, 8.887, 0.0079457
694000, 9.058, 0.0082120
694500, 9.155, 0.0082786
695000, 8.740, 0.0081454
695500, 9.131, 0.0081232
696000, 9.009, 0.0082342
696500, 9.106, 0.0081454
697000, 8.984, 0.0082120
697500, 9.033, 0.0083230
698000, 8.838, 0.0081454
698500, 9.229, 0.0080788
699000, 8.911, 0.0083896
699500, 8.911, 0.0081454
700000, 8.984, 0.0082564
700500, 9.106, 0.0081898
701000, 8.960, 0.0082342
701500, 9.058, 0.0081010
702000, 8.984, 0.0081898
702500, 8.936, 0.0082786
703000, 8.862, 0.0080123
703500, 9.253, 0.0081898
704000, 9.204, 0.0082786
704500, 8.911, 0.0083674
705000, 8.984, 0.0080123
705500, 8.936, 0.0081454
706000, 8.984, 0.0081898
706500, 8.838, 0.0080344
707000, 9.277, 0.0081676
707500, 8.862, 0.0083230
708000, 9.033, 0.0082120
708500, 9.082, 0.0081454
709000, 9.277, 0.0082564
709500, 8.984, 0.0082564
710000, 9.033, 0.0081898
710500, 9.131, 0.0082564
711000, 8.887, 0.0081454
711500, 9.204, 0.0085449
712000, 8.984, 0.0081232
712500, 9.009, 0.0082564
713000, 9.033, 0.0081232
713500, 8.960, 0.0083230
714000, 8.911, 0.0080566
714500, 9.277, 0.0084118
715000, 8.813, 0.0080123
715500, 9.131, 0.0083008
716000, 9.082, 0.0082564
716500, 9.204, 0.0081010
717000, 9.033, 0.0083008
717500, 9.009, 0.0082564
718000, 9.009, 0.0081676
718500, 9.155, 0.0081232
719000, 8.960, 0.0084783
719500, 8.887, 0.0079679
720000, 9.106, 0.0081676
720500, 9.106, 0.0082786
721000, 9.058, 0.0081010
721500, 9.082, 0.0082342
722000, 8.862, 0.0084118
722500, 9.155, 0.0080566
723000, 9.009, 0.0083674
723500, 9.009, 0.0082564
724000, 9.180, 0.0081898
724500, 9.009, 0.0083008
725000, 8.813, 0.0083452
725500, 9.058, 0.0082564
726000, 8.984, 0.0081232
726500, 9.106, 0.0082786
727000, 9.106, 0.0082564
727500, 8.911, 0.0082564
728000, 9.106, 0.0080344
728500, 9.155, 0.0083896
729000, 8.862, 0.0081898
729500, 8.960, 0.0082786
730000, 9.253, 0.0082564
730500, 8.813, 0.0082342
731000, 8.984, 0.0081898
731500, 9.009, 0.0083230
732000, 8.984, 0.0081010
732500, 9.131, 0.0086559
733000, 8.813, 0.0081010
733500, 9.326, 0.0082564
734000, 8.960, 0.0083452
734500, 9.155, 0.0082342
735000, 9.009, 0.0082120
735500, 9.033, 0.0082120
736000, 8.936, 0.0082564
736500, 9.058, 0.0082342
737000, 8.838, 0.0083008
737500, 9.009, 0.0080344
738000, 9.106, 0.0083008
738500, 8.813, 0.0081898
739000, 8.936, 0.0081676
739500, 9.302, 0.0081454
740000, 9.033, 0.0083230
740500, 9.009, 0.0082120
741000, 9.058, 0.0081232
741500, 9.180, 0.0083674
742000, 8.813, 0.0080788
742500, 9.033, 0.0081010
743000, 9.399, 0.0082786
743500, 8.960, 0.0082564
744000, 9.033, 0.0083452
744500, 8.984, 0.0082342
745000, 9.033, 0.0083452
745500, 9.277, 0.0082786
746000, 9.033, 0.0083230
746500, 8.862, 0.0082786
747000, 8.911, 0.0081454
747500, 9.033, 0.0081232
748000, 9.106, 0.0081898
748500, 9.155, 0.0081010
749000, 8.984, 0.0083452
749500, 8.984, 0.0081454
750000, 9.009, 0.0080788
750500, 9.253, 0.0083896
751000, 9.180, 0.0083896
751500, 8.960, 0.0082564
752000, 8.936, 0.0083674
752500, 9.009, 0.0081676
753000, 8.887, 0.0081232
753500, 9.058, 0.0083008
754000, 9.106, 0.0083230
754500, 8.887, 0.0081454
755000, 9.009, 0.0080566
755500, 9.106, 0.0081232
756000, 8.911, 0.0082564
756500, 9.326, 0.0083230
757000, 9.131, 0.0083008
757500, 8.984, 0.0081010
758000, 9.131, 0.0081898
758500, 9.131, 0.0084561
759000, 9.106, 0.0082342
759500, 8.984, 0.0082120
760000, 8.936, 0.0082342
760500, 9.009, 0.0081010
761000, 9.082, 0.0082786
761500, 9.229, 0.0084561
762000, 9.058, 0.0081232
762500, 8.789, 0.0081676
763000, 9.229, 0.0082564
763500, 9.058, 0.0082786
764000, 9.033, 0.0083008
764500, 8.813, 0.0081232
765000, 8.862, 0.0081232
765500, 9.253, 0.0082342
766000, 9.204, 0.0081232
766500, 8.911, 0.0081454
767000, 9.229, 0.0081676
767500, 9.033, 0.0083452
768000, 9.131, 0.0082786
768500, 8.887, 0.0083230
769000, 8.813, 0.0082342
769500, 9.106, 0.0080788
770000, 9.106, 0.0083452
770500, 9.058, 0.0082120
771000, 8.936, 0.0082120
771500, 9.155, 0.0083230
772000, 9.229, 0.0081676
772500, 9.155, 0.0084561
773000, 8.936, 0.0082120
773500, 8.936, 0.0082786
774000, 9.351, 0.0082786
774500, 9.009, 0.0081676
775000, 8.936, 0.0082786
775500, 9.106, 0.0081676
776000, 9.033, 0.0082786
776500, 9.082, 0.0083230
777000, 8.716, 0.0081454
777500, 9.131, 0.0081454
778000, 9.155, 0.0081676
778500, 8.936, 0.0083008
779000, 9.082, 0.0082120
779500, 8.936, 0.0083008
780000, 9.180, 0.0081898
780500, 8.813, 0.0081676
781000, 9.253, 0.0081454
781500, 9.106, 0.0084561
782000, 8.911, 0.0082564
782500, 8.887, 0.0082564
783000, 9.180, 0.0081898
783500, 9.033, 0.0080788
784000, 9.106, 0.0083896
784500, 9.082, 0.0081898
785000, 9.033, 0.0082564
785500, 9.180, 0.0083230
786000, 8.740, 0.0081454
786500, 8.960, 0.0082564
787000, 9.253, 0.0082120
787500, 8.984, 0.0082786
788000, 8.960, 0.0081898
788500, 9.106, 0.0082342
789000, 9.058, 0.0082342
789500, 8.984, 0.0081454
790000, 9.229, 0.0083452
790500, 9.106, 0.0084783
791000, 8.960, 0.0081454
791500, 9.082, 0.0083008
792000, 9.180, 0.0081898
792500, 8.960, 0.0084561
793000, 8.960, 0.0080566
793500, 9.106, 0.0084339
794000, 9.131, 0.0082120
794500, 8.838, 0.0080788
795000, 9.229, 0.0083230
795500, 8.984, 0.0082786
796000, 9.204, 0.0081676
796500, 8.862, 0.0082564
797000, 9.229, 0.0082786
797500, 8.862, 0.0082342
798000, 9.082, 0.0081676
798500, 8.936, 0.0083452
799000, 9.033, 0.0080344
799500, 9.009, 0.0084339
800000, 9.106, 0.0083230
800500, 8.936, 0.0081898
801000, 9.155, 0.0080566
801500, 9.058, 0.0083674
802000, 9.082, 0.0081898
802500, 9.106, 0.0082564
803000, 9.155, 0.0083230
803500, 8.984, 0.0082120
804000, 8.960, 0.0081898
804500, 8.984, 0.0082120
805000, 9.058, 0.0082120
805500, 9.058, 0.0083230
806000, 9.033, 0.0080788
806500, 9.180, 0.0083008
807000, 8.862, 0.0083008
807500, 9.155, 0.0083452
808000, 8.911, 0.0081232
808500, 9.058, 0.0083674
809000, 9.058, 0.0079901
809500, 9.058, 0.0083008
810000, 9.106, 0.0082564
810500, 9.033, 0.0083230
811000, 9.106, 0.0080788
811500, 9.058, 0.0084118
812000, 8.911, 0.0080788
812500, 9.009, 0.0082342
813000, 8.960, 0.0082564
813500, 9.204, 0.0082564
814000, 8.911, 0.0083008
814500, 9.180, 0.0080344
815000, 8.960, 0.0081454
815500, 9.131, 0.0083452
816000, 8.838, 0.0083008
816500, 9.229, 0.0081454
817000, 9.180, 0.0083452
817500, 9.009, 0.0082342
818000, 9.131, 0.0083896
818500, 8.984, 0.0082342
819000, 8.960, 0.0082564
819500, 9.058, 0.0081898
820000, 9.033, 0.0083674
820500, 8.887, 0.0081454
821000, 9.155, 0.0082342
821500, 9.131, 0.0081898
822000, 8.813, 0.0083008
822500, 9.155, 0.0081454
823000, 8.960, 0.0083452
823500, 8.984, 0.0082120
824000, 9.131, 0.0082342
824500, 9.131, 0.0083674
825000, 9.058, 0.0082342
825500, 9.131, 0.0081898
826000, 8.911, 0.0082564
826500, 9.131, 0.0082786
827000, 9.009, 0.0082564
827500, 9.009, 0.0081898
828000, 9.155, 0.0082564
828500, 8.887, 0.0082786
829000, 9.058, 0.0081232
829500, 9.204, 0.0084783
830000, 8.813, 0.0080566
830500, 9.155, 0.0084339
831000, 8.960, 0.0080788
831500, 9.082, 0.0083452
832000, 9.033, 0.0082564
832500, 9.155, 0.0081454
833000, 9.009, 0.0083230
833500, 9.106, 0.0083452
834000, 9.009, 0.0081232
834500, 9.155, 0.0083230
835000, 8.789, 0.0082564
835500, 9.180, 0.0080788
836000, 8.984, 0.0082120
836500, 9.033, 0.0081898
837000, 9.033, 0.0082342
837500, 8.911, 0.0082564
838000, 9.204, 0.0081010
838500, 8.960, 0.0083452
839000, 8.984, 0.0081232
839500, 9.155, 0.0083452
840000, 9.009, 0.0082120
840500, 8.984, 0.0082342
841000, 9.058, 0.0081898
841500, 9.033, 0.0081898
842000, 9.106, 0.0082120
842500, 9.058, 0.0083674
843000, 8.911, 0.0082120
843500, 9.058, 0.0081454
844000, 9.302, 0.0083230
844500, 8.960, 0.0081676
845000, 8.984, 0.0081898
845500, 8.960, 0.0083674
846000, 9.106, 0.0083008
846500, 9.131, 0.0081232
847000, 9.131, 0.0081898
847500, 9.180, 0.0082342
848000, 9.009, 0.0085449
848500, 8.984, 0.0079901
849000, 9.155, 0.0084118
849500, 9.180, 0.0082564
850000, 9.033, 0.0080123
850500, 9.204, 0.0083230
851000, 8.862, 0.0083452
851500, 9.131, 0.0082786
852000, 8.984, 0.0081232
852500, 9.131, 0.0082120
853000, 8.960, 0.0083896
853500, 9.106, 0.0081676
854000, 9.131, 0.0083452
854500, 9.033, 0.0082786
855000, 9.082, 0.0082120
855500, 9.155, 0.0083230
856000, 8.936, 0.0082342
856500, 9.106, 0.0081454
857000, 9.180, 0.0082120
857500, 9.033, 0.0083896
858000, 8.984, 0.0081010
858500, 9.229, 0.0082564
859000, 8.911, 0.0081232
859500, 9.106, 0.0082786
860000, 9.229, 0.0082564
860500, 9.058, 0.0083452
861000, 8.936, 0.0083008
861500, 9.058, 0.0081898
862000, 9.229, 0.0082342
862500, 8.936, 0.0082120
863000, 9.106, 0.0081454
863500, 9.058, 0.0083230
864000, 9.082, 0.0083230
864500, 9.009, 0.0081898
865000, 9.033, 0.0083008
865500, 9.131, 0.0081676
866000, 9.180, 0.0082786
866500, 9.155, 0.0083230
867000, 9.033, 0.0081898
867500, 8.960, 0.0082342
868000, 9.253, 0.0083008
868500, 9.204, 0.0082120
869000, 8.887, 0.0083230
869500, 9.033, 0.0082342
870000, 9.082, 0.0081898
870500, 9.302, 0.0083008
871000, 9.033, 0.0082120
871500, 9.033, 0.0081454
872000, 9.155, 0.0083230
872500, 8.813, 0.0082564
873000, 9.106, 0.0082342
873500, 9.204, 0.0083230
874000, 9.106, 0.0081232
874500, 8.911, 0.0083896
875000, 9.106, 0.0082786
875500, 9.106, 0.0083230
876000, 9.106, 0.0082786
876500, 8.984, 0.0081232
877000, 9.326, 0.0084561
877500, 8.984, 0.0082564
878000, 8.911, 0.0081454
878500, 9.058, 0.0082342
879000, 9.131, 0.0083452
879500, 9.009, 0.0082564
880000, 8.984, 0.0083452
880500, 9.106, 0.0083230
881000, 8.887, 0.0081676
881500, 9.204, 0.0081898
882000, 8.984, 0.0083674
882500, 9.009, 0.0081676
883000, 9.058, 0.0082342
883500, 9.229, 0.0083008
884000, 9.131, 0.0083230
884500, 9.106, 0.0082120
885000, 9.058, 0.0081454
885500, 9.058, 0.0083896
886000, 8.862, 0.0079901
886500, 9.204, 0.0082120
887000, 9.106, 0.0083674
887500, 9.009, 0.0082564
888000, 9.204, 0.0082342
888500, 8.887, 0.0083452
889000, 9.058, 0.0081898
889500, 9.033, 0.0081676
890000, 9.229, 0.0082342
890500, 9.009, 0.0084118
891000, 9.033, 0.0082342
891500, 9.131, 0.0082120
892000, 9.131, 0.0083230
892500, 9.009, 0.0081898
893000, 9.106, 0.0082342
893500, 9.204, 0.0082120
894000, 9.009, 0.0084339
894500, 8.960, 0.0082786
895000, 9.082, 0.0081898
895500, 9.204, 0.0083452
896000, 8.862, 0.0081232
896500, 9.253, 0.0083896
897000, 8.960, 0.0082564
897500, 9.009, 0.0082120
898000, 9.131, 0.0082120
898500, 9.155, 0.0083008
899000, 8.984, 0.0083230
899500, 8.984, 0.0082120
900000, 9.253, 0.0083674
900500, 8.936, 0.0082120
901000, 9.082, 0.0080788
901500, 9.155, 0.0084339
902000, 8.936, 0.0081232
902500, 9.009, 0.0082564
903000, 9.326, 0.0082120
903500, 9.131, 0.0082564
904000, 9.131, 0.0082342
904500, 8.984, 0.0082786
905000, 9.106, 0.0083230
905500, 8.984, 0.0080566
906000, 9.204, 0.0084339
906500, 8.911, 0.0082564
907000, 9.155, 0.0082564
907500, 9.033, 0.0083230
908000, 9.131, 0.0082786
908500, 9.033, 0.0083452
909000, 9.058, 0.0081676
909500, 9.204, 0.0082564
910000, 9.033, 0.0083896
910500, 9.009, 0.0080788
911000, 9.180, 0.0084118
911500, 8.862, 0.0081010
912000, 9.229, 0.0083896
912500, 8.960, 0.0080788
913000, 9.155, 0.0084339
913500, 8.960, 0.0082120
914000, 9.253, 0.0081010
914500, 8.984, 0.0083674
915000, 9.058, 0.0081010
915500, 9.082, 0.0082564
916000, 8.984, 0.0082564
916500, 9.155, 0.0082120
917000, 9.009, 0.0082786
917500, 9.204, 0.0081898
918000, 8.984, 0.0083674
918500, 9.058, 0.0081676
919000, 9.180, 0.0083896
919500, 9.033, 0.0082342
920000, 9.033, 0.0083008
920500, 9.180, 0.0082564
921000, 8.960, 0.0082786
921500, 9.106, 0.0081676
922000, 9.131, 0.0083230
922500, 9.033, 0.0082342
923000, 9.131, 0.0083008
923500, 8.984, 0.0081676
924000, 9.082, 0.0083674
924500, 9.131, 0.0081676
925000, 9.082, 0.0083230
925500, 9.082, 0.0081898
926000, 9.131, 0.0083674
926500, 9.106, 0.0083008
927000, 9.033, 0.0082564
927500, 9.155, 0.0082342
928000, 8.911, 0.0082342
928500, 8.911, 0.0080788
929000, 9.253, 0.0084339
929500, 8.789, 0.0081232
930000, 9.302, 0.0083452
930500, 8.813, 0.0082564
931000, 9.253, 0.0083230
931500, 9.009, 0.0082120
932000, 9.082, 0.0083230
932500, 9.155, 0.0081676
933000, 9.058, 0.0082564
933500, 9.155, 0.0083452
934000, 8.936, 0.0083674
934500, 9.204, 0.0081676
935000, 9.009, 0.0082786
935500, 9.106, 0.0083896
936000, 9.106, 0.0081232
936500, 9.033, 0.0083230
937000, 9.009, 0.0081232
937500, 9.204, 0.0082342
938000, 8.936, 0.0082120
938500, 9.033, 0.0081454
939000, 9.131, 0.0083230
939500, 9.058, 0.0082786
940000, 9.106, 0.0081454
940500, 8.936, 0.0082786
941000, 9.277, 0.0082120
941500, 9.009, 0.0083008
942000, 9.082, 0.0082120
942500, 9.009, 0.0081676
943000, 9.204, 0.0083452
943500, 8.960, 0.0081454
944000, 9.204, 0.0082342
944500, 9.082, 0.0084783
945000, 8.960, 0.0081232
945500, 9.204, 0.0084339
946000, 9.082, 0.0083452
946500, 9.106, 0.0081454
947000, 9.277, 0.0083230
947500, 8.887, 0.0081898
948000, 9.229, 0.0083008
948500, 8.911, 0.0081676
949000, 9.131, 0.0084118
949500, 9.009, 0.0082120
950000, 8.984, 0.0083008
950500, 9.155, 0.0083008
951000, 9.082, 0.0081232
951500, 9.082, 0.0083008
952000, 8.984, 0.0082342
952500, 9.009, 0.0082120
953000, 9.229, 0.0083896
953500, 8.838, 0.0081676
954000, 9.351, 0.0082786
954500, 8.911, 0.0083230
955000, 9.131, 0.0083008
955500, 9.155, 0.0083008
956000, 9.009, 0.0082564
956500, 9.106, 0.0084118
957000, 9.058, 0.0082342
957500, 9.204, 0.0082786
958000, 9.058, 0.0083452
958500, 9.229, 0.0081010
959000, 9.033, 0.0083896
959500, 9.009, 0.0081454
960000, 9.351, 0.0083674
960500, 9.009, 0.0082342
961000, 9.180, 0.0082564
961500, 9.009, 0.0082564
962000, 9.033, 0.0081454
962500, 9.033, 0.0083008
963000, 8.911, 0.0082120
963500, 9.204, 0.0083674
964000, 8.936, 0.0081454
964500, 9.131, 0.0083896
965000, 9.009, 0.0083008
965500, 9.009, 0.0083896
966000, 8.960, 0.0080344
966500, 9.180, 0.0083008
967000, 9.033, 0.0082786
967500, 9.106, 0.0083008
968000, 9.082, 0.0083230
968500, 8.984, 0.0081676
969000, 9.180, 0.0084339
969500, 9.033, 0.0081676
970000, 9.180, 0.0084339
970500, 9.082, 0.0080788
971000, 9.277, 0.0084561
971500, 8.838, 0.0082342
972000, 9.277, 0.0081898
972500, 9.009, 0.0083230
973000, 9.106, 0.0082120
973500, 9.058, 0.0082564
974000, 9.058, 0.0082786
974500, 9.180, 0.0081898
975000, 9.106, 0.0084118
975500, 9.082, 0.0081898
976000, 9.155, 0.0083008
976500, 8.862, 0.0080566
977000, 9.253, 0.0083674
977500, 8.911, 0.0082342
978000, 8.984, 0.0081898
978500, 9.106, 0.0081454
979000, 8.984, 0.0082786
979500, 9.082, 0.0082342
980000, 9.204, 0.0082786
980500, 9.082, 0.0082342
981000, 9.155, 0.0082564
981500, 8.813, 0.0082120
982000, 9.229, 0.0081010
982500, 9.082, 0.0083674
983000, 8.838, 0.0081898
983500, 9.155, 0.0082564
984000, 9.058, 0.0081898
984500, 9.106, 0.0083896
985000, 9.033, 0.0082342
985500, 9.131, 0.0082342
986000, 9.033, 0.0083230
986500, 9.058, 0.0080566
987000, 9.106, 0.0083230
987500, 8.960, 0.0082786
988000, 9.375, 0.0082786
988500, 8.887, 0.0081898
989000, 9.253, 0.0083008
989500, 8.960, 0.0082786
990000, 9.155, 0.0082342
990500, 9.204, 0.0084118
991000, 8.984, 0.0082342
991500, 8.936, 0.0082342
992000, 9.204, 0.0081454
992500, 9.009, 0.0081898
993000, 9.106, 0.0082120
993500, 9.131, 0.0084339
994000, 8.984, 0.0081454
994500, 9.155, 0.0082786
995000, 9.131, 0.0083008
995500, 9.106, 0.0083674
996000, 9.009, 0.0082342
996500, 9.204, 0.0084561
997000, 9.058, 0.0081676
997500, 9.326, 0.0084118
998000, 9.033, 0.0083230
998500, 8.838, 0.0082120
999000, 9.155, 0.0080344
999500, 9.131, 0.0082564
1000000, 9.009, 0.0083008
1000500, 9.106, 0.0082786
1001000, 9.204, 0.0082120
1001500, 8.887, 0.0083008
1002000, 9.204, 0.0081676
1002500, 8.984, 0.0083896
1003000, 9.009, 0.0081454
1003500, 9.277, 0.0084118
1004000, 8.984, 0.0082120
1004500, 9.155, 0.0085005
1005000, 9.033, 0.0082564
1005500, 9.082, 0.0082342
1006000, 9.180, 0.0083230
1006500, 9.082, 0.0084118
1007000, 8.984, 0.0080788
1007500, 9.180, 0.0083008
1008000, 9.253, 0.0083896
1008500, 8.984, 0.0081232
1009000, 9.229, 0.0082564
1009500, 8.911, 0.0083230
1010000, 9.326, 0.0082120
1010500, 9.009, 0.0082342
1011000, 8.960, 0.0082120
1011500, 9.180, 0.0082342
1012000, 9.180, 0.0081676
1012500, 9.058, 0.0083008
1013000, 9.106, 0.0082120
1013500, 9.058, 0.0083896
1014000, 9.033, 0.0081454
1014500, 9.253, 0.0084118
1015000, 8.936, 0.0080788
1015500, 9.106, 0.0083452
1016000, 8.960, 0.0082342
1016500, 9.204, 0.0082564
1017000, 8.984, 0.0084783
1017500, 9.229, 0.0082564
1018000, 9.082, 0.0082342
1018500, 9.180, 0.0083674
1019000, 8.911, 0.0081676
1019500, 0.000, 0.0000000
1020000, 0.000, 0.0000000
1020500, 0.000, 0.0000444
1021000, 0.000, 0.0000000
1021500, 0.000, 0.0000222
1022000, 0.000, 0.0000000
1022500, 0.000, 0.0000000
1023000, 0.000, 0.0000000
